#altitdue temp(k) pressure (bar)	density	kinematic viscosity	thermal conductivity	Speed of sound
0	288.15	1.01325	1.225	1.789725	2.534	340.3
500	284.9	0.9546	1.1673025	1.7742998	2.509	338.4
1000	281.7	0.8988	1.1116875	1.757577938	2.483	336.4
1500	278.4	0.8456	1.058155	1.74172313	2.457	334.5
2000	275.2	0.795	1.0065825	1.726288988	2.431	332.5
2500	271.9	0.7469	0.95697	1.71010539	2.405	330.6
3000	268.7	0.7012	0.9093175	1.694058503	2.379	328.6
3500	265.4	0.6578	0.86338	1.67754734	2.353	326.6
4000	262.2	0.6166	0.8194025	1.66174827	2.327	324.6
4500	258.9	0.5775	0.7770175	1.644946048	2.301	322.6
5000	255.7	0.5405	0.73647	1.62833517	2.275	320.5
5500	252.4	0.5054	0.697515	1.611957165	2.248	318.5
6000	249.2	0.4722	0.6601525	1.59492844	2.222	316.5
6500	245.9	0.4408	0.62426	1.57812928	2.195	314.4
7000	242.7	0.4111	0.5900825	1.561358295	2.169	312.3
7500	239.5	0.383	0.5572525	1.544146678	2.142	310.2
8000	236.2	0.3565	0.52577	1.52683608	2.115	308.1
8500	233	0.3315	0.4957575	1.510077345	2.088	306
9000	229.7	0.308	0.4670925	1.49282763	2.061	303.8
9500	226.5	0.2858	0.4396525	1.475034138	2.034	301.7
10000	223.3	0.265	0.41356	1.457799	2.007	299.8
10500	220	0.2454	0.38857	1.44004042	1.98	297.4
11000	216.8	0.227	0.364805	1.422374695	1.953	295.2
11500	216.7	0.2098	0.3374875	1.421834838	1.952	295.1
12000	216.7	0.194	0.311885	1.421259945	1.952	295.1
12500	216.7	0.1793	0.288365	1.42163945	1.952	295.1
13000	216.7	0.1658	0.26656	1.42156448	1.952	295.1
13500	216.7	0.1533	0.24647	1.42163896	1.952	295.1
14000	216.7	0.1417	0.22785	1.42155615	1.952	295.1
14500	216.7	0.131	0.2107	1.4220143	1.952	295.1
15000	216.7	0.1211	0.194775	1.4218575	1.952	295.1
15500	216.7	0.112	0.180075	1.421692125	1.952	295.1
16000	216.7	0.1035	0.1664775	1.42171785	1.952	295.1
16500	216.7	0.09572	0.15386	1.42120482	1.952	295.1
17000	216.7	0.0885	0.142345	1.42202655	1.952	295.1
17500	216.7	0.08182	0.131565	1.421559825	1.952	295.1
18000	216.7	0.07565	0.1216425	1.421514255	1.952	295.1
18500	216.7	0.06995	0.1124795	1.421628401	1.952	295.1
19000	216.7	0.06467	0.10399025	1.421546718	1.952	295.1
19500	216.7	0.0598	0.0961625	1.4216664	1.952	295.1
20000	216.7	0.05529	0.0889105	1.421589985	1.952	295.1
22000	218.6	0.04047	0.0645085	1.432153209	1.968	296.4
24000	220.6	0.02972	0.046942	1.443137906	1.985	297.7
26000	222.5	0.02188	0.03426325	1.454098067	2.001	299.1
28000	224.5	0.01616	0.02507575	1.464549179	2.018	300.4
30000	226.5	0.01197	0.01841175	1.475407175	2.034	301.7
30000	226.51	0.01197	0.01841	1.475	2.0281	302.77
40000	250.35	0.00287	0.003996	1.601	2.1081	309.77
50000	270.65	0.0007978	0.001027	1.704	2.1881	316.77
60000	247.02	0.0002196	0.0003097	1.584	2.2681	323.77
70000	219.58	0.000052	0.00008283	1.438	2.3481	330.77
80000	198.64	0.000011	0.00001846	1.321	2.4281	337.77
