#MACHNumber	Lift	Drag	L/D Ratio
0	0.9	0.09	10
0.16	0.75	0.078947368	9.5
0.32	0.6	0.066666667	9
0.48	0.5	0.0625	8
0.64	0.4	0.057142857	7
0.8	0.3	0.05	6
0.96	0.23	0.038333333	6
1.12	0.16	0.026666667	6
1.28	0.12	0.021818182	5.5
1.44	0.12	0.021818182	5.5
1.6	0.12	0.021818182	5.5
1.76	0.12	0.021818182	5.5
1.92	0.12	0.021818182	5.5
2.08	0.12	0.021818182	5.5
2.24	0.12	0.021818182	5.5
2.4	0.12	0.021818182	5.5
2.56	0.12	0.021818182	5.5
2.72	0.12	0.021818182	5.5
2.88	0.12	0.021818182	5.5
3.04	0.12	0.021818182	5.5
3.2	0.12	0.021818182	5.5
1000	0.12	0.021818182	5.5
